0.010000                0
0.010100                0
0.010100                0
0.010100                0
0.010100                0
0.010100                0
0.010100                0
0.010100                0
0.010100                0
0.010100                0
0.010100                0
0.014100                0
0.015100                0
0.020100                0
0.078100              162
0.078200              162
0.085100              162
0.092100              309
0.093100              309
0.099100              416
0.106100              513
0.107100              513
0.114100              513
0.120100              513
0.121100              513
0.128100              513
0.142200              604
0.148100              734
0.155100              815
0.156100              815
0.162100              815
0.169100              815
0.170100              815
0.177100              815
0.183100              815
0.184100              815
0.191100              862
0.198100              917
0.198100              917
0.205100              995
0.212100             1517
0.212200             1517
0.216100             1517
0.219100             1517
0.220100             1517
0.224100             1517
0.227100             1519
0.228100             1519
0.232100             1519
0.235100             1587
0.236100             1587
0.239100             1587
0.243100             1587
0.243100             1587
0.247100             1587
0.251100             1588
0.251100             1588
0.255100             1588
0.258100             1588
0.259100             1588
0.262100             1588
0.266100             1588
0.266100             1588
0.270100             1588
0.273100             1588
0.274100             1588
0.279400             1588
0.287100             1588
0.287200             1588
0.300100             1588
0.304600             1588
0.304700             1588
0.313000             1588
0.320800             1588
0.320900             1588
0.325900             1588
0.329800             1588
0.329900             1588
0.356100             1588
0.360000             1588
0.364500             1588
0.371100             1588
0.385400             1588
0.397700             1588
0.397800             1588
0.401100             1588
0.404100             1588
0.410000             1588
0.415200             1588
0.421700             1588
0.424100             1588
0.428100             1588
0.445700             1588
0.448100             1588
0.453500             1588
0.453600             1588
0.457100             1588
0.461900             1588
0.462000             1588
0.465100             1588
0.468100             1588
0.474200             1588
0.477100             1588
0.483300             1588
0.483400             1588
0.487200             1588
0.490100             1588
0.491100             1588
0.494100             1588
0.498100             1588
0.498100             1588
0.502100             1588
0.505100             1588
0.506100             1588
0.509100             1588
0.513100             1588
0.519600             1588
0.522100             1588
0.526100             1588
0.548100             1588
0.562100             1588
0.564100             1588
0.578100             1588
0.580100             1588
0.594100             1588
0.608100             1588
0.611100             1588
0.625100             1588
0.632100             1588
0.639100             1588
0.646100             1588
0.653100             1588
0.660100             1588
0.661100             1588
0.668100             1588
0.675100             1588
0.683100             1588
0.690100             1588
0.697100             1588
0.704100             1588
0.705100             1588
0.712100             1588
0.719100             1588
0.720100             1588
0.727100             1588
0.734100             1588
0.735100             1588
0.742100             1588
0.749100             1588
0.750100             1588
0.758100             1588
0.763100             1588
0.764100             1588
0.770100             1588
0.775100             1588
0.776100             1588
0.782100             1588
0.788100             1588
0.788100             1588
0.794100             1588
0.800100             1588
0.801100             1588
0.806100             1588
0.818000             1588
0.826100             1588
0.835100             1588
0.845100             1588
0.854100             1588
0.864100             1588
0.873100             1588
0.883100             1588
0.892100             1588
0.893100             1588
0.900100             1588
0.907100             1588
0.914100             1588
0.922100             1588
0.923100             1588
0.930100             1588
0.937100             1588
0.938100             1588
0.945100             1588
0.952100             1588
0.953100             1588
0.960100             1588
0.967100             1588
0.968100             1588
0.975100             1588
0.982100             1588
0.983100             1588
0.991100             1588
0.998100             1588
0.999100             1588
1.006100             1588
1.013100             1588
1.014100             1588
1.021100             1588
1.028100             1588
1.029100             1588
1.036100             1588
1.043100             1588
1.044100             1588
1.051100             1588
1.058100             1588
1.060100             1588
1.067100             1588
1.074100             1588
1.075100             1588
1.082100             1588
1.089100             1588
1.090100             1588
1.097100             1588
1.104100             1588
1.105100             1588
1.112100             1588
1.119100             1588
1.120100             1588
1.127100             1588
1.135100             1588
1.136100             1588
1.143100             1588
1.150100             1588
1.151100             1588
1.158100             1588
1.165100             1588
1.166100             1588
1.173100             1588
1.180100             1588
1.187100             1588
1.188100             1588
1.195100             1588
1.202100             1588
1.206500             1588
1.213100             1588
1.220100             1588
1.227100             1588
1.234100             1588
1.241100             1588
1.250300             1588
1.260700             1588
1.267100             1588
1.274100             1588
1.281100             1588
1.288100             1588
1.289100             1588
1.294100             1588
1.300100             1588
1.301100             1588
1.307100             1588
1.312100             1588
1.313100             1588
1.319100             1588
1.324100             1588
1.325100             1588
1.331100             1588
1.337100             1588
1.337100             1588
1.343100             1588
1.349100             1588
1.354100             1588
1.356100             1588
1.365100             1588
1.375100             1588
1.376100             1588
1.386100             1588
1.395100             1588
1.404100             1588
1.414100             1588
1.415100             1588
1.425100             1588
1.432100             1588
1.433100             1588
1.440100             1588
1.447100             1588
1.454100             1588
1.455100             1588
1.462100             1588
1.469100             1588
1.477100             1588
1.484100             1588
1.491100             1588
1.498100             1528
1.499100             1528
1.506100             1528
1.514100             1528
1.515100             1528
1.522100             1528
1.530100             1528
1.537100             1528
1.538100             1528
1.545100             1528
1.553100             1528
1.554100             1528
1.561100             1528
1.569100             1528
1.570100             1528
1.577100             1528
1.584100             1528
1.585100             1528
1.593100             1528
1.600100             1528
1.601100             1528
1.609100             1528
1.616100             1528
1.617100             1528
1.625100             1612
1.632100             1612
1.633100             1612
1.640100             1612
1.647100             1612
1.648100             1612
1.655100             1612
1.661100             1612
1.668100             1612
1.675100             1612
1.677100             1612
1.684700             1612
1.699100             1612
1.705100             1612
1.714700             1612
1.720100             1612
1.729700             1612
1.735100             1612
1.750100             1612
1.768400             1612
1.774100             1612
1.781100             1612
1.788100             1612
1.795100             1612
1.802100             1612
1.803100             1612
1.810100             1612
1.817100             1612
1.818100             1612
1.825100             1612
1.832100             1612
1.833100             1612
1.840100             1612
1.847100             1612
1.848100             1612
1.854100             1612
1.859100             1612
1.860100             1612
1.866100             1612
1.871100             1612
1.872100             1612
1.878100             1612
1.883100             1612
1.884100             1612
1.890100             1612
1.895100             1612
1.896100             1612
1.902100             1612
1.907100             1612
1.908100             1612
1.914100             1612
1.923100             1612
1.925100             1612
1.934100             1612
1.943100             1612
1.945100             1612
1.954100             1612
1.963100             1612
1.965100             1612
1.974100             1612
1.983100             1612
1.993100             1612
2.000100             1612
2.007100             1612
2.014100             1612
2.015100             1612
2.022100             1612
2.029100             1612
2.036100             1612
2.043700             1612
2.044100             1612
2.051100             1612
2.058100             1612
2.059100             1612
2.068500             1612
2.074100             1612
2.081100             1612
2.083100             1612
2.089100             1612
2.096100             1612
2.098100             1612
2.104100             1612
2.111100             1612
2.113100             1612
2.119100             1612
2.126100             1612
2.128100             1612
2.134100             1612
2.141100             1612
2.143100             1612
2.149100             1612
2.156100             1612
2.158100             1612
2.164100             1612
2.171100             1612
2.173100             1612
2.179100             1612
2.186100             1612
2.188100             1612
2.194100             1612
2.201100             1612
2.203100             1612
2.210100             1612
2.216100             1612
2.223100             1612
2.230100             1612
2.232100             1612
2.238100             1612
2.245100             1612
2.252100             1612
2.254100             1612
2.260100             1612
2.267100             1612
2.269100             1612
2.275100             1612
2.282100             1612
2.289100             1612
2.290100             1612
2.297100             1612
2.304100             1612
2.305100             1612
2.312100             1612
2.323200             1612
2.329100             1612
2.336100             1612
2.343100             1612
2.345100             1612
2.351100             1612
2.358100             1612
2.360100             1612
2.366100             1612
2.373100             1612
2.380100             1612
2.382100             1612
2.388100             1612
2.395100             1612
2.397100             1612
2.403100             1612
2.410100             1612
2.411100             1612
2.417100             1612
2.422100             1612
2.423100             1612
2.429100             1612
2.434100             1612
2.440100             1612
2.441100             1612
2.446100             1612
2.452100             1612
2.453100             1612
2.458100             1612
2.464100             1612
2.470100             1612
2.470100             1612
2.476100             1612
2.482100             1612
2.483100             1612
2.492100             1612
2.502100             1612
2.503100             1612
2.512100             1612
2.522100             1612
2.523100             1612
2.532100             1612
2.542100             1612
2.551100             1612
2.558100             1612
2.565100             1612
2.566100             1612
2.573100             1612
2.580100             1612
2.587100             1612
2.588100             1612
2.595100             1612
2.602100             1612
2.609100             1612
2.616100             1612
2.623100             1612
2.624100             1612
2.631100             1612
2.638100             1612
2.639100             1612
2.646100             1612
2.653100             1612
2.654100             1612
2.661100             1612
2.668100             1612
2.669100             1612
2.676100             1612
2.683100             1612
2.684100             1612
2.691100             1612
2.698100             1612
2.705100             1612
2.706100             1612
2.713100             1612
2.720100             1612
2.727100             1612
2.734100             1612
2.741100             1612
2.742100             1612
2.749100             1612
2.756100             1612
2.757100             1612
2.764100             1612
2.771100             1612
2.778100             1612
2.779100             1612
2.786100             1612
2.793100             1612
2.794100             1612
2.801100             1612
2.808100             1612
2.815100             1612
2.822100             1612
2.829100             1612
2.836100             1612
2.837100             1612
2.844100             1612
2.851100             1612
2.858100             1612
2.859100             1612
2.866100             1612
2.873100             1612
2.880100             1612
2.881100             1612
2.888100             1612
2.895100             1612
2.896100             1494
2.904100             1494
2.911100             1494
2.919100             1494
2.920100             1494
2.927100             1494
2.935100             1494
2.936100             1494
2.943100             1494
2.951100             1494
2.952100             1494
2.960100             1494
2.967100             1494
2.973100             1494
2.974100             1494
2.980100             1494
2.986100             1494
2.987100             1494
2.993100             1494
2.999100             1494
3.005100             1494
3.011100             1494
3.017100             1494
3.023100             1494
3.029100             1494
3.030100             1494
3.036100             1494
3.046100             1494
3.056100             1494
3.058100             1494
3.068100             1494
3.078100             1494
3.088100             1494
3.090100             1494
3.100100             1494
3.110100             1494
3.120100             1494
3.127100             1494
3.135100             1494
3.142100             1494
3.144100             1494
3.151100             1494
3.159100             1494
3.166100             1494
3.174100             1494
3.181100             1494
3.182100             1494
3.190100             1494
3.197100             1494
3.199100             1494
3.206100             1494
3.214100             1494
3.215100             1494
3.222100             1494
3.230100             1494
3.231100             1494
3.238100             1494
3.246100             1494
3.247100             1494
3.255100             1494
3.262100             1494
3.263100             1494
3.271100             1494
3.278100             1494
3.280100             1494
3.287100             1494
3.295100             1494
3.302100             1494
3.303100             1494
3.311100             1494
3.318100             1494
3.326100             1494
3.327100             1494
3.335100             1494
3.342100             1494
3.350100             1494
3.357100             1494
3.365100             1494
3.372100             1494
3.373100             1358
3.382100             1358
3.390100             1358
3.391100             1358
3.400100             1358
3.408100             1358
3.409100             1358
3.417100             1358
3.426100             1358
3.427100             1358
3.435100             1358
3.443100             1358
3.445100             1358
3.453100             1375
3.461100             1409
3.462100             1409
3.470100             1409
3.478100             1409
3.479100             1409
3.487100             1476
3.495100             1476
3.496100             1476
3.504100             1476
3.511100             1476
3.519100             1476
3.527100             1476
3.528100             1476
3.535100             1476
3.542100             1476
3.542900             1476
3.551300             1476
3.557100             1476
3.559700             1476
3.568200             1476
3.574100             1476
3.576600             1476
3.585000             1476
3.590100             1476
3.594100             1476
3.601800             1476
3.611100             1476
3.612100             1476
3.628500             1476
3.638100             1476
3.648100             1476
3.649100             1476
3.660100             1476
3.670100             1476
3.671100             1476
3.678100             1476
3.686100             1476
3.687100             1476
3.695100             1476
3.702100             1476
3.704100             1476
3.711100             1476
3.719100             1476
3.720100             1476
3.728100             1476
3.735100             1476
3.736100             1476
3.744100             1476
3.752100             1476
3.753100             1476
3.760100             1476
3.768100             1476
3.769100             1476
3.777100             1476
3.784100             1476
3.785100             1476
3.793100             1476
3.801100             1476
3.802100             1476
3.809100             1476
3.817100             1476
3.818100             1476
3.826100             1476
3.833100             1476
3.841100             1476
3.842100             1476
3.850100             1476
3.858100             1476
3.866200             1476
3.873100             1476
3.874100             1476
3.882100             1476
3.890100             1476
3.891100             1476
3.898100             1476
3.906100             1476
3.907100             1476
3.915100             1476
3.922100             1476
3.923100             1476
3.931100             1476
3.939100             1476
3.942200             1476
3.950000             1476
3.957100             1476
3.964100             1476
3.966100             1476
3.973100             1476
3.981100             1476
3.982100             1476
3.990100             1476
3.997100             1476
4.005100             1476
4.012100             1476
4.014100             1476
4.021100             1476
4.029100             1476
4.030100             1476
4.038100             1476
4.045100             1476
4.053100             1476
4.060100             1476
4.062100             1476
4.069100             1476
4.077100             1476
4.078100             1476
4.086100             1476
4.092100             1476
4.098100             1476
4.104100             1476
4.105100             1476
4.111100             1476
4.117100             1476
4.123100             1476
4.124100             1476
4.130100             1476
4.136100             1476
4.142100             1476
4.143100             1476
4.149100             1476
4.155100             1476
4.157100             1476
4.167100             1476
4.177100             1476
4.187100             1476
4.189100             1476
4.199100             1476
4.209100             1476
4.211100             1476
4.221100             1476
4.229100             1476
4.236100             1476
4.237100             1476
4.245100             1476
4.253100             1476
4.260100             1476
4.261100             1476
4.269100             1476
4.277100             1476
4.278100             1476
4.285100             1476
4.293100             1476
4.301100             1476
4.302100             1476
4.309100             1476
4.317100             1476
4.318100             1476
4.326100             1476
4.333100             1476
4.335100             1476
4.342100             1476
4.350100             1476
4.351100             1476
4.359100             1476
4.366100             1476
4.367100             1476
4.375100             1476
4.383100             1476
4.384100             1476
4.391100             1476
4.399100             1476
4.407100             1476
4.408100             1476
4.415100             1476
4.423100             1476
4.431100             1476
4.432100             1476
4.439100             1476
4.447100             1476
4.455100             1476
4.456100             1476
4.463100             1476
4.471100             1476
4.472100             1476
4.480100             1476
4.487100             1476
4.489100             1476
4.496100             1476
4.504100             1476
4.505100             1476
4.513100             1476
4.520100             1476
4.521100             1476
4.529100             1476
4.537100             1476
4.538100             1476
4.545100             1476
4.553100             1476
4.561100             1476
4.568100             1476
4.569100             1476
4.577100             1476
4.585100             1476
4.592100             1476
4.600100             1476
4.601100             1476
4.609100             1476
4.616100             1476
4.617100             1476
4.625100             1476
4.633100             1476
4.639100             1476
4.640100             1476
4.646100             1476
4.652100             1476
4.653100             1476
4.659100             1476
4.665100             1476
4.671100             1476
4.672100             1476
4.678100             1476
4.684100             1476
4.690100             1476
4.691100             1476
4.697100             1476
4.707100             1476
4.709100             1476
4.719100             1476
4.729100             1476
4.731100             1476
4.741100             1476
4.751100             1476
4.753100             1476
4.763100             1476
4.770100             1476
4.772100             1476
4.779100             1476
4.787100             1476
4.794100             1476
4.802100             1476
4.803100             1476
4.811100             1476
4.818100             1476
4.820100             1476
4.827100             1476
4.835100             1476
4.843100             1432
4.850100             1432
4.852100             1432
4.859100             1432
4.867100             1432
4.868100             1432
4.876100             1432
4.884100             1432
4.885100             1432
4.893100             1432
4.901100             1432
4.902100             1432
4.910100             1432
4.918100             1432
4.926100             1432
4.927100             1432
4.935100             1432
4.943100             1432
4.944100             1432
4.952100             1432
4.960100             1432
4.961100             1432
4.969100             1432
4.976100             1432
4.978100             1432
4.986100             1432
4.993100             1432
4.995100             1432
5.002100             1432
5.010100             1432
5.011100             1491
5.019100             1491
5.027100             1491
5.028100             1491
5.035100             1491
5.043100             1491
5.044100             1491
5.051100             1491
5.059100             1491
5.060100             1491
5.068100             1491
5.075100             1491
5.076100             1491
5.084100             1491
5.091100             1491
5.093100             1491
5.100100             1491
5.108100             1491
5.109100             1491
5.116100             1491
5.124100             1491
5.125100             1491
5.133100             1491
5.140100             1491
5.148100             1491
5.149100             1491
5.156100             1491
5.164100             1491
5.165100             1491
5.173100             1491
5.185600             1491
5.191100             1491
5.197900             1491
5.198100             1491
5.204100             1491
5.212900             1491
5.218100             1491
5.224700             1491
5.230100             1491
5.236100             1491
5.242100             1491
5.243100             1491
5.249100             1491
5.255100             1491
5.256100             1491
5.262100             1491
5.272100             1491
5.273100             1491
5.283100             1491
5.293100             1491
5.295100             1491
5.305100             1491
5.315100             1491
5.325100             1491
5.326100             1491
5.337100             1491
5.344100             1491
5.345100             1491
5.353100             1491
5.360100             1491
5.361100             1491
5.369100             1491
5.377100             1491
5.384100             1491
5.392100             1491
5.399100             1491
5.400100             1491
5.408100             1491
5.415100             1491
5.423100             1491
5.424100             1491
5.432100             1491
5.439100             1491
5.447100             1491
5.448100             1491
5.455100             1491
5.463100             1491
5.464100             1491
5.472100             1491
5.479100             1491
5.480100             1491
5.488100             1491
5.495100             1491
5.497100             1491
5.504100             1491
5.512100             1491
5.513100             1491
5.520100             1491
5.528100             1491
5.529100             1491
5.537100             1491
5.544100             1491
5.545100             1491
5.553100             1491
5.560100             1491
5.561100             1491
5.569100             1491
5.577100             1533
5.578100             1533
5.585100             1533
5.592100             1533
5.593100             1533
5.601100             1533
5.608100             1533
5.615100             1533
5.617100             1533
5.624100             1533
5.631100             1533
5.632100             1533
5.640100             1533
5.653900             1533
5.660100             1533
5.667100             1533
5.668100             1533
5.676100             1533
5.683100             1533
5.684100             1533
5.691100             1533
5.699100             1533
5.700100             1533
5.707100             1533
5.715100             1533
5.722100             1533
5.728700             1533
5.735100             1533
5.742100             1533
5.748100             1533
5.749100             1533
5.755100             1533
5.761100             1533
5.762100             1533
5.767100             1533
5.773100             1533
5.774100             1533
5.780100             1533
5.786100             1533
5.787100             1533
5.793100             1533
5.799100             1533
5.799100             1533
5.805100             1533
5.811100             1533
5.813100             1533
5.822100             1533
5.832100             1533
5.834100             1533
5.843100             1533
5.853100             1533
5.855100             1533
5.864100             1533
5.874100             1533
5.875100             1533
5.883100             1533
5.890100             1533
5.891100             1533
5.898100             1533
5.906100             1533
5.913100             1533
5.920100             1533
5.922100             1533
5.929100             1533
5.936100             1533
5.944100             1533
5.945100             1533
5.952100             1533
5.959100             1533
5.967100             1533
5.968100             1533
5.980300             1533
5.987100             1533
5.994100             1533
5.995100             1533
6.003100             1533
6.010100             1533
6.011100             1533
6.018100             1533
6.026100             1533
6.027100             1533
6.034100             1533
6.042100             1533
6.043100             1533
6.050100             1533
6.057100             1533
6.058100             1533
6.066100             1533
6.073100             1533
6.074100             1533
6.081100             1533
6.089100             1533
6.090100             1533
6.097100             1533
6.105100             1533
6.106100             1533
6.113100             1533
6.120100             1533
6.121100             1533
6.129100             1533
6.136100             1533
6.137100             1533
6.145100             1533
6.152100             1533
6.153100             1533
6.160100             1533
6.168100             1533
6.175100             1533
6.182100             1533
6.183100             1533
6.191100             1533
6.198100             1533
6.199100             1533
6.207100             1533
6.214100             1533
6.218000             1533
6.224100             1533
6.233600             1533
6.240100             1533
6.249200             1533
6.256100             1533
6.263600             1533
6.270100             1533
6.280700             1533
6.285800             1533
6.291100             1533
6.292100             1533
6.298100             1533
6.304100             1533
6.305100             1533
6.311100             1533
6.316100             1533
6.322100             1533
6.323100             1533
6.329100             1533
6.335100             1533
6.336100             1533
6.342100             1533
6.348100             1533
6.349100             1533
6.360000             1533
6.369100             1533
6.378100             1533
6.380100             1533
6.390100             1533
6.399100             1533
6.401100             1533
6.411100             1533
6.421100             1533
6.422100             1533
6.429100             1533
6.436100             1533
6.437100             1533
6.445100             1533
6.452100             1533
6.459100             1533
6.467100             1533
6.474100             1533
6.481100             1533
6.489100             1533
6.496100             1533
6.497100             1533
6.505100             1533
6.512100             1533
6.513100             1533
6.520100             1533
6.528100             1533
6.529100             1533
6.536100             1533
6.544100             1533
6.545100             1533
6.552100             1533
6.559100             1533
6.560100             1533
6.568100             1533
6.575100             1533
6.576100             1533
6.583100             1533
6.591100             1533
6.592100             1533
6.599100             1533
6.607100             1533
6.608100             1533
6.615100             1533
6.622100             1533
6.623100             1533
6.631100             1533
6.638100             1533
6.639100             1533
6.647100             1533
6.654100             1533
6.655100             1533
6.662100             1533
6.670100             1533
6.677100             1533
6.680600             1533
6.688400             1533
6.703400             1533
6.710100             1533
6.717100             1533
6.718100             1533
6.726100             1533
6.733100             1533
6.740100             1533
6.748100             1533
6.749100             1533
6.756100             1533
6.763100             1533
6.771100             1533
6.772100             1533
6.782700             1533
6.789100             1533
6.797100             1533
6.804900             1533
6.805100             1533
6.812100             1533
6.820100             1533
6.821100             1533
6.828100             1533
6.834100             1533
6.835100             1533
6.841100             1533
6.847100             1533
6.847100             1533
6.853100             1533
6.859100             1533
6.860100             1533
6.866100             1533
6.872100             1533
6.874900             1533
6.880000             1533
6.885100             1533
6.891700             1533
6.900100             1533
6.910100             1533
6.915800             1533
6.924100             1533
6.934100             1533
6.944100             1533
6.945100             1533
6.955100             1533
6.965100             1533
6.966100             1533
6.973100             1533
6.981100             1533
6.982100             1533
6.989100             1533
6.996100             1533
6.998100             1533
7.005100             1533
7.012100             1533
7.020100             1533
7.027100             1533
7.028100             1533
7.035100             1533
7.043100             1533
7.044100             1533
7.051100             1533
7.058100             1533
7.060100             1533
7.067100             1533
7.074100             1533
7.075100             1533
7.083100             1533
7.090100             1533
7.091100             1533
7.098100             1533
7.106100             1533
7.107100             1533
7.114100             1533
7.122100             1533
7.123100             1533
7.130100             1533
7.137100             1533
7.138100             1533
7.146100             1533
7.153100             1533
7.154100             1533
7.162100             1533
7.169100             1533
7.170100             1533
7.177100             1533
7.185100             1533
7.186100             1505
7.193100             1505
7.201100             1505
7.202100             1505
7.209100             1505
7.217100             1505
7.218100             1505
7.225100             1505
7.233100             1505
7.234100             1505
7.241100             1505
7.249100             1505
7.250100             1505
7.257100             1505
7.265100             1505
7.266100             1505
7.274100             1505
7.281100             1505
7.282100             1505
7.290100             1505
7.297100             1505
7.298100             1505
7.306100             1505
7.313100             1505
7.314100             1505
7.322100             1505
7.329100             1505
7.330100             1505
7.338100             1505
7.345100             1505
7.346100             1505
7.354100             1505
7.361100             1505
7.362100             1505
7.370100             1505
7.376100             1505
7.382100             1505
7.383100             1505
7.390900             1505
7.398700             1505
7.398800             1505
7.404100             1505
7.414300             1505
7.419500             1505
7.423400             1505
7.431200             1505
7.440100             1505
7.442100             1505
7.452100             1505
7.462100             1505
7.472100             1505
7.473100             1505
7.483100             1505
7.493100             1505
7.495100             1505
7.505100             1505
7.512100             1505
7.513100             1505
7.521100             1505
7.528100             1505
7.536100             1505
7.543100             1505
7.544100             1505
7.552100             1505
7.559100             1505
7.560100             1505
7.568100             1505
7.575100             1505
7.577100             1505
7.584100             1505
7.592100             1505
7.593100             1505
7.600100             1505
7.608100             1505
7.609100             1505
7.616100             1505
7.624100             1505
7.625100             1505
7.632100             1505
7.640100             1505
7.641100             1505
7.648100             1505
7.656100             1505
7.657100             1505
7.664100             1505
7.672100             1505
7.673100             1505
7.680100             1505
7.688100             1505
7.689100             1505
7.697100             1505
7.704100             1505
7.705100             1505
7.713100             1505
7.720100             1505
7.721100             1505
7.729100             1505
7.736100             1505
7.737100             1505
7.745100             1505
7.752100             1505
7.753100             1505
7.761100             1505
7.768100             1505
7.769100             1505
7.777100             1505
7.784100             1505
7.785100             1505
7.793100             1505
7.800100             1505
7.802100             1505
7.809100             1505
7.816100             1505
7.818100             1505
7.825100             1505
7.833100             1505
7.834100             1505
7.841100             1505
7.849100             1505
7.850100             1505
7.857100             1505
7.865100             1505
7.866100             1505
7.873100             1505
7.881100             1505
7.885100             1505
7.892100             1505
7.899100             1505
7.907100             1505
7.908100             1505
7.917600             1505
7.922100             1505
7.933200             1505
7.938100             1505
7.941600             1505
7.950000             1505
7.954500             1505
7.958400             1505
7.970100             1505
7.979100             1505
7.989100             1505
7.991100             1505
8.001100             1505
8.011100             1505
8.021100             1505
8.022100             1505
8.032100             1505
8.042100             1505
8.043100             1505
8.051100             1505
8.058100             1505
8.059100             1505
8.067100             1505
8.074100             1505
8.076100             1505
8.083100             1505
8.091100             1505
8.092100             1505
8.099100             1505
8.107100             1505
8.108100             1505
8.115100             1505
8.123100             1505
8.124100             1505
8.131100             1505
8.139100             1505
8.140100             1505
8.147100             1505
8.155100             1505
8.156100             1505
8.163100             1505
8.171100             1505
8.172100             1505
8.179100             1505
8.187100             1505
8.188100             1505
8.196100             1505
8.203100             1505
8.204100             1505
8.212100             1505
8.219100             1505
8.220100             1505
8.228100             1505
8.235100             1505
8.236100             1505
8.244100             1505
8.251100             1505
8.252100             1505
8.260100             1505
8.267100             1505
8.268100             1505
8.276100             1505
8.283100             1505
8.284100             1505
8.292100             1505
8.299100             1505
8.301100             1505
8.308100             1505
8.315100             1505
8.317100             1505
8.324100             1505
8.332100             1505
8.333100             1505
8.340100             1505
8.348100             1505
8.349100             1505
8.356100             1505
8.364100             1505
8.365100             1505
8.372100             1505
8.380100             1505
8.381100             1505
8.388100             1505
8.396100             1505
8.397100             1505
8.404100             1505
8.412100             1505
8.413900             1505
8.420100             1505
8.428100             1505
8.430700             1505
8.439100             1505
8.446100             1505
8.447500             1505
8.455400             1505
8.463200             1505
8.471600             1505
8.471700             1505
8.477100             1505
8.483100             1505
8.488400             1505
8.493100             1505
8.504000             1505
8.508600             1505
8.519700             1505
8.528100             1505
8.538100             1505
8.548100             1505
8.558100             1505
8.560100             1505
8.570100             1505
8.580100             1505
8.581100             1505
8.591100             1505
8.599100             1484
8.600100             1484
8.608100             1484
8.615100             1484
8.616100             1484
8.624100             1484
8.631100             1484
8.633100             1484
8.640100             1484
8.648100             1484
8.649100             1484
8.656100             1484
8.664100             1484
8.665100             1484
8.673100             1484
8.680100             1484
8.681100             1484
8.689100             1484
8.697100             1484
8.698100             1484
8.705100             1484
8.713100             1484
8.714100             1484
8.722100             1484
8.729100             1484
8.730100             1484
8.738100             1484
8.746100             1484
8.753100             1484
8.754100             1484
8.762100             1484
8.769100             1484
8.771100             1484
8.778100             1484
8.786100             1484
8.787100             1484
8.794100             1484
8.802100             1484
8.803100             1484
8.811100             1484
8.818100             1484
8.819100             1484
8.827100             1484
8.835100             1484
8.837200             1484
8.844100             1484
8.852100             1484
8.854000             1484
8.862500             1484
8.869100             1484
8.870900             1484
8.879300             1484
8.887100             1484
8.888100             1484
8.895100             1484
8.903100             1484
8.904100             1484
8.912100             1484
8.919100             1484
8.920100             1484
8.928100             1484
8.935100             1484
8.937100             1484
8.944100             1484
8.952100             1484
8.953100             1484
8.960100             1484
8.968100             1484
8.969100             1484
8.977100             1484
8.984100             1484
8.985100             1484
8.993100             1484
9.001100             1484
9.002100             1484
9.008300             1484
9.016700             1484
9.016800             1484
9.026100             1484
9.034500             1484
9.034600             1484
9.044000             1484
9.052400             1484
9.052500             1484
9.061800             1484
9.078400             1484
9.088100             1484
9.089100             1484
9.099100             1484
9.109100             1484
9.111900             1484
9.121100             1484
9.131100             1484
9.141100             1484
9.142100             1484
9.150100             1484
9.158100             1484
9.159100             1484
9.166100             1484
9.174100             1484
9.175100             1484
9.183100             1484
9.190100             1484
9.191100             1484
9.199100             1484
9.206100             1484
9.208100             1484
9.215100             1484
9.223100             1484
9.224100             1484
9.231100             1484
9.239100             1484
9.240100             1484
9.248100             1484
9.255100             1484
9.256100             1484
9.264100             1484
9.272100             1484
9.273100             1484
9.280100             1484
9.288100             1484
9.289100             1484
9.297100             1484
9.304100             1484
9.305100             1484
9.313100             1484
9.321100             1484
9.322100             1484
9.329100             1484
9.337100             1484
9.338100             1484
9.346100             1484
9.353100             1484
9.354100             1484
9.362100             1484
9.369100             1484
9.371100             1484
9.378100             1484
9.386100             1484
9.387100             1484
9.394100             1484
9.402100             1484
9.403100             1484
9.411100             1484
9.418100             1484
9.419100             1484
9.427100             1484
9.435100             1484
9.436100             1484
9.443100             1484
9.451100             1484
9.452100             1484
9.460100             1484
9.468900             1484
9.469100             1484
9.476100             1484
9.485700             1484
9.486100             1484
9.494100             1484
9.502500             1484
9.503100             1484
9.511000             1484
9.519400             1484
9.520100             1484
9.527800             1484
9.536200             1484
9.537100             1484
9.544600             1484
9.553100             1484
9.553200             1484
9.561500             1484
9.569900             1484
9.570000             1484
9.578300             1484
9.586800             1484
9.586900             1484
9.592100             1484
9.603600             1484
9.603700             1484
9.609100             1484
9.620400             1484
9.621100             1484
9.631100             1484
9.641100             1484
9.643100             1484
9.653100             1484
9.663100             1484
9.664100             1484
9.675100             1484
9.685100             1484
9.686100             1484
9.696100             1484
9.704100             1484
9.705100             1484
9.713100             1484
9.720100             1484
9.721100             1484
9.729100             1484
9.737100             1484
9.738100             1484
9.745100             1484
9.753100             1484
9.754100             1484
9.762100             1484
9.769100             1484
9.770100             1484
9.778100             1484
9.785100             1484
9.787100             1484
9.794100             1484
9.802100             1484
9.803100             1484
9.810100             1484
9.818100             1484
9.819100             1484
9.827100             1484
9.834100             1484
9.835100             1484
9.843100             1484
9.851100             1484
9.852100             1484
9.859100             1484
9.867100             1484
9.868100             1484
9.876100             1484
9.883100             1484
9.884100             1484
9.892100             1484
9.900100             1484
9.901100             1484
9.908100             1484
9.916100             1484
9.917100             1484
9.925100             1484
9.932100             1484
9.933100             1484
9.941100             1484
9.948900             1471
9.950100             1471
9.957300             1471
9.965700             1471
9.966100             1471
9.974100             1471
9.982600             1471
9.983100             1471
9.991000             1471
9.999400             1471
10.000100             1471
10.007800             1471
10.016200             1471
10.017100             1471
10.025700             1471
10.034100             1471
10.035100             1471
10.043500             1471
10.051900             1471
10.052100             1471
10.061300             1471
10.069800             1471
10.070100             1471
10.078200             1471
10.087600             1471
10.088100             1471
10.096000             1471
10.105500             1471
10.105600             1471
10.113900             1471
10.122300             1471
10.122400             1471
10.130700             1471
10.139100             1471
10.139200             1471
10.265500             1471
10.273900             1471
10.274100             1471
10.282300             1471
10.290700             1471
10.291100             1471
10.390300             1471
10.398700             1471
10.399100             1471
10.407200             1471
10.415600             1471
10.416100             1471
10.515200             1471
10.522100             1471
10.523100             1471
10.531100             1471
10.539100             1471
10.540100             1471
10.547100             1471
10.555100             1471
10.556100             1471
10.564100             1471
10.571100             1471
10.573100             1471
10.580100             1471
10.588100             1471
10.589100             1471
10.597100             1471
10.604100             1471
10.606100             1471
10.613100             1471
10.621100             1471
10.622100             1471
10.630100             1471
10.637100             1471
10.638100             1471
10.646100             1471
10.654100             1471
10.655100             1471
10.662100             1471
10.670100             1471
10.671100             1471
10.679100             1471
10.687100             1471
10.688100             1471
10.695100             1471
10.703100             1471
10.704100             1471
10.712100             1471
10.719100             1471
10.721100             1471
10.728100             1471
10.736100             1471
10.737100             1471
10.745100             1471
10.752100             1471
10.753100             1471
10.761100             1471
10.769100             1471
10.770100             1471
10.778100             1471
10.785100             1471
10.786100             1471
10.794100             1471
10.802100             1471
10.803100             1471
10.810100             1471
10.818100             1471
10.819100             1471
10.827100             1471
10.835100             1471
10.836100             1471
10.843100             1471
10.851100             1471
10.852100             1471
10.860100             1471
10.867100             1471
10.869100             1471
10.876100             1471
10.884100             1471
10.885100             1471
10.893100             1471
10.900100             1471
10.901100             1471
10.909100             1471
10.917100             1471
10.918100             1471
10.926100             1471
10.933100             1471
10.934100             1471
10.942100             1471
10.950100             1471
10.951100             1471
10.958100             1471
10.966100             1471
10.967100             1471
10.975100             1471
10.983100             1471
10.984100             1471
10.991100             1471
10.999100             1471
11.000100             1471
11.008100             1471
11.015100             1471
11.017100             1526
11.024100             1526
11.031100             1526
11.032100             1526
11.040100             1526
11.047100             1526
11.048100             1526
11.056100             1526
11.063100             1526
11.064100             1526
11.071100             1526
11.079100             1526
11.080100             1526
11.087100             1526
11.095100             1526
11.096100             1526
11.103100             1526
11.111100             1526
11.112100             1526
11.119100             1526
11.126100             1526
11.127100             1526
11.135100             1526
11.142100             1526
11.143100             1526
11.151100             1526
11.158100             1526
11.159100             1526
11.167100             1526
11.174100             1526
11.175100             1526
11.182100             1526
11.190100             1526
11.191100             1526
11.198100             1526
11.206100             1526
11.207100             1526
11.214100             1526
11.221100             1526
11.223100             1526
11.230100             1526
11.237100             1526
11.238100             1526
11.246100             1540
11.253100             1540
11.254100             1540
11.261100             1540
11.269100             1540
11.270100             1540
11.276100             1540
11.281100             1540
11.282100             1540
11.288100             1540
11.294100             1540
11.295100             1540
11.301100             1540
11.307100             1540
11.307100             1540
11.313100             1540
11.319100             1540
11.320100             1540
11.326100             1540
11.332100             1540
11.332100             1540
11.338100             1540
11.344100             1540
11.345100             1540
11.351100             1540
11.357100             1540
11.358100             1540
11.363100             1540
11.369100             1540
11.370100             1540
11.376100             1540
11.382100             1540
11.388100             1540
11.389100             1540
11.398100             1540
11.408100             1540
11.411100             1540
11.420100             1540
11.430100             1540
11.440100             1540
11.450100             1540
11.451100             1540
11.461100             1540
11.471100             1540
11.480100             1540
11.490100             1540
11.491100             1540
11.501100             1540
11.511100             1540
11.518100             1540
11.526100             1540
11.527100             1540
11.534100             1540
11.544000             1540
11.550100             1540
11.557100             1540
11.564100             1540
11.566100             1540
11.573100             1540
11.580100             1540
11.581100             1540
11.589100             1540
11.596100             1540
11.597100             1540
11.604100             1540
11.612100             1540
11.613100             1540
11.620100             1540
11.627100             1540
11.628100             1540
11.636100             1540
11.643100             1540
11.644100             1540
11.651100             1540
11.659100             1540
11.660100             1540
11.667100             1540
11.674100             1540
11.675100             1540
11.683100             1540
11.690100             1540
11.691100             1540
11.699100             1540
11.706100             1540
11.707100             1540
11.714100             1540
11.722100             1540
11.723100             1540
11.730100             1540
11.737100             1540
11.738100             1540
11.746100             1540
11.753100             1540
11.754100             1540
11.761100             1540
11.769100             1540
11.770100             1540
11.777100             1540
11.784100             1540
11.785100             1540
11.793100             1540
11.800100             1540
11.801100             1540
11.808100             1540
11.816100             1540
11.817100             1540
11.824100             1540
11.831100             1540
11.839100             1540
11.848400             1540
11.855100             1540
11.864000             1540
11.870100             1540
11.877100             1540
11.884100             1540
11.892100             1540
11.893100             1540
11.900100             1540
11.907100             1540
11.910200             1540
11.917100             1540
11.925900             1540
11.932100             1540
11.939100             1540
11.940100             1540
11.948100             1540
11.955100             1540
11.956100             1540
11.963100             1540
11.971100             1540
11.972100             1540
11.979100             1540
11.986100             1540
11.987100             1540
11.995100             1540
12.002100             1540
12.003100             1540
12.010100             1540
12.018100             1540
12.019100             1540
12.026100             1540
12.033100             1540
12.034100             1540
12.042100             1540
12.049100             1540
12.050100             1540
12.057100             1540
12.065100             1540
12.066100             1540
12.073100             1540
12.080100             1540
12.082100             1540
12.089100             1540
12.096100             1540
12.097100             1540
12.105100             1540
12.112100             1540
12.113100             1540
12.120100             1540
12.128100             1540
12.129100             1540
12.136100             1540
12.143100             1540
12.144100             1540
12.152100             1540
12.159100             1540
12.160100             1540
12.167100             1540
12.175100             1540
12.176100             1540
12.183100             1540
12.190100             1540
12.192100             1540
12.199100             1540
12.206100             1540
12.207100             1540
12.215100             1540
12.222100             1540
12.229100             1540
12.230100             1540
12.238100             1540
12.245100             1540
12.252100             1540
12.253300             1540
12.261100             1540
12.268900             1540
12.280600             1540
12.285100             1540
12.286100             1540
12.296200             1540
12.301100             1540
12.311900             1540
12.316100             1540
12.317100             1540
12.323100             1540
12.329100             1540
12.330700             1540
12.337900             1540
12.342400             1540
12.347000             1540
12.354800             1540
12.359100             1540
12.367700             1540
12.372100             1540
12.383300             1540
12.392100             1540
12.402100             1540
12.403100             1540
12.413100             1540
12.423100             1540
12.424100             1540
12.434100             1540
12.444100             1540
12.445100             1540
12.455100             1540
12.465100             1540
12.466100             1540
12.476100             1540
12.486100             1540
12.487100             1540
12.497100             1540
12.507100             1540
12.514100             1540
12.515100             1540
12.522100             1540
12.530100             1540
12.531100             1540
12.538100             1540
12.545100             1540
12.547100             1540
12.554100             1540
12.561100             1540
12.562100             1540
12.570100             1540
12.577100             1540
12.578100             1540
12.585100             1540
12.593100             1540
12.594100             1540
12.601100             1540
12.608100             1540
12.609100             1540
12.617100             1540
12.624100             1540
12.625100             1540
12.632100             1540
12.640100             1540
12.641100             1540
12.648100             1540
12.655100             1540
12.656100             1540
12.664100             1540
12.671100             1540
12.672100             1540
12.680100             1540
12.687100             1540
12.688100             1540
12.695100             1540
12.703100             1540
12.704100             1540
12.711100             1540
12.718100             1540
12.726100             1540
12.727100             1540
12.734100             1540
12.741100             1540
12.749100             1540
12.756300             1540
12.763100             1540
12.770100             1540
12.777100             1540
12.779100             1540
12.786100             1540
12.793100             1540
12.794100             1540
12.802100             1540
12.809100             1540
12.810100             1540
12.823900             1540
12.830100             1540
12.837100             1540
12.844100             1540
12.850600             1540
12.857100             1540
12.870200             1540
12.877100             1540
12.895000             1540
12.901100             1540
12.908100             1540
12.920500             1540
12.928900             1540
12.935100             1540
12.936100             1540
12.943100             1540
12.951100             1540
12.952100             1540
12.959100             1540
12.966100             1540
12.967100             1540
12.975100             1540
12.982100             1540
12.983100             1540
12.990100             1540
12.998100             1540
12.999100             1540
13.006100             1540
13.013100             1540
13.014100             1540
13.022100             1540
13.029100             1540
13.030100             1540
13.037100             1540
13.045100             1540
13.046100             1540
13.053100             1540
13.060100             1540
13.062100             1540
13.069100             1540
13.076100             1540
13.077100             1540
13.085100             1540
13.092100             1540
13.093100             1540
13.100100             1540
13.108100             1540
13.109100             1540
13.116100             1540
13.123100             1540
13.124100             1540
13.132100             1540
13.139100             1540
13.140100             1540
13.147100             1540
13.155100             1540
13.156100             1540
13.163100             1540
13.170100             1540
13.171100             1540
13.179100             1540
13.186100             1540
13.187100             1540
13.195100             1540
13.202100             1540
13.203100             1540
13.210100             1540
13.218100             1540
13.219100             1540
13.226100             1540
13.233100             1540
13.241100             1540
13.250600             1540
13.257100             1540
13.264100             1540
13.271100             1540
13.281800             1540
13.286100             1540
13.292300             1540
13.293100             1540
13.299100             1540
13.305100             1540
13.306100             1540
13.312100             1540
13.317100             1540
13.326200             1540
13.331300             1540
13.339100             1540
13.344300             1540
13.354700             1540
13.359900             1540
13.370400             1540
13.375500             1540
13.381100             1540
13.387100             1540
13.388100             1540
13.394100             1540
13.400100             1540
13.401600             1540
13.409400             1540
13.418100             1540
13.420100             1540
13.429100             1540
13.439100             1540
13.441100             1540
13.450100             1540
13.460100             1540
13.462100             1540
13.471100             1540
13.481100             1540
13.483100             1540
13.492100             1540
13.502100             1540
13.512100             1540
13.522100             1540
13.531100             1540
13.533100             1540
13.540100             1540
13.547100             1540
13.548100             1540
13.556100             1540
13.563100             1540
13.570100             1540
13.572100             1540
13.579100             1540
13.586100             1540
13.587100             1468
13.595100             1468
13.603100             1468
13.604100             1468
13.611100             1468
13.619100             1468
13.627100             1468
13.628100             1468
13.636100             1468
13.643100             1468
13.644100             1468
13.652100             1468
13.660100             1468
13.661100             1468
13.668100             1468
13.676100             1468
13.677100             1468
13.685100             1468
13.693100             1468
13.694100             1468
13.701100             1468
13.709100             1468
13.710100             1468
13.718100             1468
13.726100             1468
13.727100             1468
13.734100             1468
13.742100             1468
13.750100             1468
13.751100             1468
13.759100             1468
13.766100             1468
13.767100             1468
13.775100             1468
13.783100             1468
13.784100             1468
13.791100             1468
13.799100             1468
13.800100             1468
13.808100             1468
13.816100             1468
13.823100             1468
13.824100             1468
13.826100             1468
13.833100             1468
13.841100             1468
13.849100             1468
13.856100             1468
13.857100             1468
13.865100             1468
13.873100             1468
13.880100             1468
13.888100             1468
13.889100             1468
13.897100             1468
13.905100             1468
13.912100             1468
13.920100             1468
13.921100             1468
13.929100             1468
13.936100             1468
13.938100             1468
13.945100             1468
13.953100             1468
13.961100             1468
13.962100             1468
13.969100             1468
13.977100             1468
13.978100             1468
13.986100             1468
13.994100             1468
13.995100             1468
14.002100             1468
14.010100             1468
14.011100             1468
14.019100             1468
14.027100             1468
14.028100             1468
14.035100             1468
14.043100             1468
14.044100             1468
14.052100             1468
14.059100             1468
14.061100             1468
14.068100             1468
14.076100             1468
14.077100             1468
14.085100             1468
14.092100             1468
14.094100             1468
14.101100             1468
14.109100             1468
14.110100             1468
14.118100             1468
14.125100             1414
14.127100             1414
14.134100             1414
14.142100             1414
14.150100             1414
14.152100             1414
14.160100             1414
14.168100             1414
14.169100             1414
14.177100             1414
14.185100             1414
14.186100             1414
14.194100             1414
14.202100             1414
14.210100             1414
14.211100             1414
14.219100             1414
14.227100             1414
14.228100             1414
14.236100             1414
14.244100             1414
14.252100             1414
14.253100             1414
14.261100             1414
14.269100             1414
14.270100             1414
14.278100             1414
14.286100             1414
14.287100             1414
14.295100             1414
14.302100             1414
14.308100             1414
14.314100             1414
14.321100             1414
14.322100             1414
14.328100             1414
14.334100             1414
14.335100             1414
14.342100             1414
14.348100             1414
14.349100             1414
14.355100             1414
14.362100             1414
14.363100             1414
14.369100             1414
14.376100             1414
14.376100             1414
14.383100             1414
14.389100             1414
14.396100             1414
14.397100             1414
14.403100             1414
14.409100             1414
14.410100             1414
14.417100             1414
14.427100             1414
14.429100             1414
14.439100             1414
14.450100             1414
14.461100             1414
14.462100             1414
14.473100             1414
14.484100             1414
14.485100             1414
14.496100             1414
14.506100             1414
14.517100             1414
14.528100             1414
14.538100             1414
14.549100             1414
14.550100             1414
14.558100             1414
14.566100             1414
14.574100             1414
14.582100             1414
14.590100             1414
14.598100             1414
14.599100             1414
14.607100             1414
14.615100             1414
14.616100             1414
14.624100             1414
14.632100             1414
14.640100             1414
14.641100             1414
14.649100             1414
14.657100             1414
14.658100             1414
14.666100             1414
14.674100             1414
14.676100             1414
14.684100             1414
14.691100             1414
14.693100             1414
14.701100             1414
14.709100             1414
14.710100             1414
14.718100             1414
14.726100             1414
14.727100             1414
14.735100             1414
14.743100             1414
14.744100             1414
14.752100             1414
14.760100             1414
14.761100             1414
14.769100             1414
14.777100             1414
14.778100             1414
14.786100             1414
14.794100             1414
14.795100             1414
14.803100             1414
14.811100             1414
14.819100             1414
14.820100             1414
14.828100             1414
14.836100             1414
14.844100             1414
14.845100             1414
14.853100             1414
14.861100             1414
14.869100             1414
14.877100             1414
14.879100             1414
14.887100             1414
14.894100             1414
14.902100             1414
14.904100             1414
14.912100             1414
14.920100             1414
14.928100             1414
14.929100             1414
14.937100             1414
14.945100             1414
14.946100             1414
14.954100             1414
14.962100             1414
14.963100             1414
14.971100             1414
14.979100             1414
14.980100             1414
14.988100             1414
14.996100             1414
14.997100             1414
15.005100             1414
15.013100             1414
15.014100             1414
15.022100             1414
15.030100             1414
15.031100             1414
15.039100             1414
15.047100             1414
15.048100             1414
15.056100             1414
15.064100             1414
15.066100             1414
15.074100             1414
15.081100             1414
15.083100             1414
15.091100             1414
15.099100             1414
15.100100             1414
15.108100             1414
15.116100             1414
15.117100             1414
15.125100             1414
15.133100             1414
15.134100             1414
15.142100             1414
15.150100             1414
15.151100             1414
15.159100             1414
15.167100             1414
15.175100             1414
15.176100             1414
15.184100             1414
15.192100             1414
15.193100             1414
15.201100             1414
15.209100             1414
15.210100             1414
15.218100             1414
15.226100             1414
15.227100             1414
15.235100             1414
15.243100             1414
15.245100             1414
15.253100             1414
15.261100             1414
15.262100             1414
15.270100             1414
15.278100             1414
15.279100             1414
15.287100             1414
15.295100             1414
15.296100             1414
15.304100             1414
15.310100             1414
15.317100             1414
15.318100             1414
15.324100             1414
15.330100             1414
15.331100             1414
15.338100             1414
15.344100             1414
15.345100             1414
15.351100             1414
15.358100             1414
15.359100             1414
15.365100             1414
15.371100             1414
15.372100             1414
15.379100             1414
15.385100             1414
15.386100             1414
15.392100             1414
15.399100             1414
15.405100             1414
15.406100             1414
15.412100             1414
15.419100             1414
15.420100             1414
15.426100             1414
15.437100             1414
15.438100             1414
15.449100             1414
15.460100             1414
15.461100             1414
15.472100             1414
15.482100             1414
15.493100             1414
15.504100             1414
15.505100             1414
15.516100             1414
15.526100             1414
15.537100             1414
15.548100             1414
15.556100             1414
15.564100             1414
15.572100             1414
15.580100             1414
15.581100             1414
15.589100             1414
15.597100             1414
15.598100             1414
15.606100             1414
15.614100             1414
15.615100             1414
15.623100             1414
15.631100             1414
15.632100             1414
15.640100             1414
15.648100             1414
15.656100             1414
15.657100             1414
15.665100             1414
15.673100             1414
15.674100             1414
15.682100             1414
15.690100             1414
15.691100             1414
15.699100             1414
15.707100             1414
15.709100             1414
15.717100             1414
15.725100             1414
15.726100             1414
15.734100             1414
15.742100             1414
15.743100             1414
15.751100             1414
15.759100             1414
15.760100             1414
15.768100             1414
15.776100             1414
15.777100             1414
15.785100             1414
15.793100             1414
15.794100             1414
15.802100             1414
15.810100             1414
15.811100             1414
15.819100             1414
15.827100             1414
15.835100             1414
15.836100             1414
15.844100             1414
15.852100             1414
15.860100             1414
15.868100             1414
15.876100             1414
15.884100             1414
15.885100             1414
15.893100             1414
15.901100             1414
15.909100             1414
15.917100             1414
15.918100             1414
15.926100             1414
15.934100             1414
15.942100             1414
15.943100             1414
15.951100             1414
15.959100             1414
15.961100             1414
15.969100             1414
15.977100             1414
15.978100             1414
15.986100             1414
15.994100             1414
15.995100             1414
16.003099             1414
16.011101             1414
16.012100             1414
16.020100             1414
16.028099             1414
16.029100             1414
16.037100             1414
16.045099             1414
16.046101             1414
16.054100             1414
16.062099             1414
16.063101             1414
16.071100             1414
16.079100             1414
16.080099             1414
16.088100             1414
16.096100             1414
16.097099             1414
16.105101             1414
16.113100             1414
16.115101             1414
16.123100             1412
16.130100             1412
16.132099             1412
16.140100             1412
16.148100             1412
16.149099             1412
16.157101             1412
16.165100             1412
16.173100             1412
16.174400             1412
16.182100             1412
16.190100             1412
16.198099             1412
16.199100             1412
16.207100             1412
16.215099             1412
16.216101             1412
16.224100             1412
16.232100             1412
16.233101             1412
16.241100             1412
16.252300             1412
16.259100             1412
16.267099             1412
16.269100             1412
16.277100             1412
16.285101             1412
16.293100             1412
16.294100             1412
16.302099             1412
16.308100             1412
16.311501             1412
16.323200             1412
16.329100             1412
16.335100             1412
16.336100             1412
16.343100             1412
16.352501             1412
16.361000             1412
16.361099             1412
16.367100             1412
16.373100             1412
16.374100             1412
16.381100             1412
16.387100             1412
16.388100             1412
16.394100             1412
16.401100             1412
16.407101             1412
16.413099             1412
16.414101             1412
16.421101             1412
16.427099             1412
16.438101             1412
16.448099             1412
16.450100             1412
16.461100             1412
16.471100             1412
16.482100             1412
16.483101             1412
16.494101             1412
16.505100             1412
16.515100             1412
16.517099             1412
16.528099             1412
16.538099             1412
16.540100             1412
16.550100             1412
16.558100             1412
16.566099             1412
16.574100             1412
16.582100             1412
16.590099             1412
16.598101             1412
16.600100             1412
16.608101             1412
16.616100             1412
16.624100             1412
16.625099             1412
16.633101             1412
16.641100             1412
16.649099             1412
16.650101             1412
16.658100             1412
16.666100             1412
16.674101             1412
16.675100             1412
16.683100             1412
16.691099             1412
16.692101             1412
16.700100             1412
16.708099             1412
16.709101             1412
16.717100             1412
16.725100             1412
16.726101             1412
16.734100             1412
16.742100             1412
16.743099             1412
16.751101             1412
16.759100             1412
16.761101             1412
16.769100             1412
16.777100             1412
16.778099             1412
16.786100             1412
16.794100             1412
16.795099             1412
16.803101             1412
16.811100             1412
16.812099             1412
16.820101             1412
16.828100             1412
16.836100             1412
16.837099             1412
16.845100             1412
16.853100             1412
16.861099             1412
16.862101             1412
16.870100             1412
16.878099             1412
16.886101             1412
16.894100             1412
16.902100             1412
16.910101             1412
16.918100             1412
16.926100             1412
16.927099             1412
16.935101             1412
16.943100             1412
16.951099             1412
16.959101             1412
16.960100             1412
16.968100             1412
16.976101             1412
16.978100             1412
16.986099             1412
16.994101             1412
16.995100             1412
17.003099             1412
17.011101             1412
17.012100             1412
17.020100             1412
17.028099             1412
17.029100             1412
17.037100             1412
17.045099             1412
17.046101             1412
17.054100             1412
17.062099             1412
17.063101             1412
17.071100             1412
17.079100             1412
17.080099             1412
17.088100             1412
17.096100             1412
17.097099             1412
17.105101             1412
17.113100             1412
17.115101             1412
17.123100             1412
17.131100             1412
17.132099             1412
17.140100             1412
17.148100             1412
17.149099             1412
17.157101             1412
17.165100             1412
17.166100             1412
17.174101             1412
17.182100             1412
17.190100             1412
17.191099             1412
17.199100             1412
17.207199             1412
17.215099             1412
17.223101             1412
17.224100             1412
17.232100             1412
17.240101             1412
17.248100             1412
17.249100             1412
17.257099             1412
17.265100             1412
17.266399             1412
17.276899             1412
17.283100             1412
17.291100             1412
17.293100             1412
17.301100             1412
17.309099             1412
17.310101             1412
17.316099             1412
17.322100             1412
17.323099             1412
17.330099             1412
17.336100             1412
17.337099             1412
17.346300             1412
17.352100             1412
17.360701             1412
17.367300             1412
17.367399             1412
17.376301             1403
17.382099             1403
17.383101             1403
17.389099             1403
17.396099             1403
17.397100             1403
17.403099             1403
17.409100             1403
17.410101             1403
17.417101             1403
17.423100             1403
17.430099             1403
17.431101             1403
17.437099             1403
17.448099             1403
17.458099             1403
17.460100             1403
17.471100             1403
17.481100             1403
17.492100             1403
17.494101             1403
17.504101             1403
17.515100             1403
17.517099             1403
17.527100             1403
17.538099             1403
17.549101             1403
17.560101             1403
17.568100             1403
17.569099             1403
17.577101             1403
17.585100             1403
17.593100             1403
17.601101             1403
17.602100             1403
17.610100             1403
17.618099             1403
17.626101             1403
17.627100             1403
17.635099             1403
17.637100             1403
17.645100             1403
17.653099             1403
17.661100             1403
17.669100             1403
17.677099             1403
17.678101             1403
17.686100             1403
17.694099             1403
17.695101             1403
17.703100             1403
17.711100             1403
17.712099             1403
17.720100             1403
17.728100             1403
17.737101             1403
17.738100             1403
17.746099             1403
17.754101             1403
17.755100             1403
17.763100             1403
17.771099             1403
17.772100             1403
17.780100             1403
17.788099             1403
17.789101             1403
17.797100             1403
17.805099             1403
17.807100             1403
17.815100             1403
17.823099             1403
17.824100             1403
17.832100             1403
17.840099             1403
17.848101             1403
17.849100             1403
17.857100             1403
17.865101             1403
17.873100             1403
17.881100             1403
17.889099             1403
17.890100             1403
17.898100             1403
17.907101             1403
17.915100             1403
17.916100             1403
17.924101             1403
17.932100             1403
17.940100             1403
17.948099             1403
17.949100             1403
17.957100             1403
17.965099             1403
17.973101             1403
17.974100             1403
17.982100             1403
17.990101             1403
17.998100             1403
18.000099             1403
18.008101             1403
18.016100             1403
18.017099             1403
18.025101             1403
18.033100             1403
18.034100             1403
18.042101             1403
18.050100             1403
18.051100             1403
18.059099             1403
18.067101             1403
18.068100             1403
18.077101             1403
18.085100             1403
18.086100             1403
18.094101             1403
18.102100             1403
18.103100             1403
18.111099             1403
18.119101             1403
18.120100             1403
18.128099             1403
18.136101             1403
18.137100             1403
18.145100             1403
18.153099             1403
18.155100             1403
18.163099             1403
18.171101             1403
18.172100             1403
18.180099             1403
18.188101             1403
18.196100             1403
18.197100             1403
18.205099             1403
18.213100             1403
18.214100             1403
18.222099             1403
18.230101             1403
18.232100             1403
18.240101             1403
18.248100             1403
18.256100             1403
18.257099             1403
18.265100             1403
18.273100             1403
18.281099             1403
18.282101             1403
18.290100             1403
18.298100             1403
18.299101             1403
18.307100             1403
18.315100             1403
18.323099             1403
18.324100             1403
18.331100             1403
18.337099             1403
18.338100             1403
18.345100             1403
18.351101             1403
18.357100             1403
18.364100             1403
18.365101             1403
18.371099             1403
18.378099             1403
18.379101             1403
18.385099             1403
18.391100             1403
18.398100             1403
18.399099             1403
18.405100             1403
18.412100             1403
18.413099             1403
18.419100             1403
18.425100             1403
18.432100             1403
18.433100             1403
18.439100             1403
18.446100             1403
18.447100             1403
18.453100             1403
18.464100             1403
18.474100             1403
18.476101             1403
18.487101             1403
18.497101             1403
18.499100             1403
18.510099             1403
18.520100             1403
18.531099             1403
18.542101             1403
18.553101             1403
18.563101             1403
18.574100             1403
18.585100             1403
18.586100             1403
18.594101             1403
18.602100             1403
18.610100             1403
18.618099             1403
18.619101             1403
18.627100             1403
18.635099             1403
18.636101             1403
18.644100             1403
18.652100             1403
18.661100             1403
18.669100             1403
18.677099             1403
18.685101             1403
18.686100             1403
18.694099             1403
18.702101             1403
18.703100             1403
18.711100             1403
18.719101             1403
18.720100             1403
18.728100             1403
18.736099             1403
18.738100             1403
18.746099             1403
18.754101             1403
18.755100             1403
18.763100             1403
18.771099             1403
18.772100             1403
18.780100             1403
18.788099             1403
18.789101             1403
18.797100             1403
18.805099             1403
18.806101             1403
18.814100             1403
18.822100             1403
18.824100             1403
18.832100             1403
18.840099             1403
18.841101             1403
18.849100             1403
18.857100             1403
18.858101             1403
18.866100             1403
18.874100             1403
18.882099             1403
18.890100             1403
18.891100             1403
18.899099             1403
18.907101             1403
18.909100             1403
18.917101             1403
18.925100             1403
18.933100             1403
18.941099             1403
18.949100             1403
18.957100             1403
18.965099             1403
18.966101             1403
18.974100             1403
18.982100             1403
18.983101             1403
18.991100             1403
18.999100             1403
19.001101             1403
19.009100             1403
19.017099             1403
19.018101             1403
19.026100             1403
19.034100             1403
19.035101             1403
19.043100             1403
19.051100             1403
19.052099             1403
19.060101             1403
19.068100             1403
19.069099             1403
19.077101             1403
19.085100             1403
19.087099             1403
19.095100             1403
19.103100             1403
19.104099             1403
19.112101             1403
19.120100             1403
19.121099             1403
19.129101             1403
19.137100             1403
19.138100             1403
19.146099             1403
19.154100             1403
19.156099             1403
19.164101             1403
19.172100             1403
19.173100             1403
19.181101             1403
19.189100             1403
19.190100             1403
19.198099             1403
19.206100             1403
19.214100             1403
19.215099             1403
19.223101             1403
19.231100             1403
19.233101             1403
19.241100             1403
19.249100             1403
19.250099             1403
19.258101             1403
19.266100             1403
19.267099             1403
19.275101             1403
19.283100             1403
19.284100             1403
19.292101             1403
19.300100             1403
19.301100             1403
19.309099             1403
19.318100             1403
19.324100             1403
19.325100             1403
19.331100             1403
19.338100             1403
19.339100             1403
19.345100             1403
19.352100             1403
19.352100             1403
19.362101             1403
19.368099             1403
19.374399             1403
19.375099             1403
19.382099             1403
19.388100             1403
19.389099             1403
19.396099             1403
19.402100             1403
19.409599             1386
19.415100             1386
19.422100             1386
19.428101             1386
19.429100             1386
19.435101             1386
19.442101             1386
19.444099             1386
19.454100             1386
19.465099             1386
19.476101             1386
19.478100             1386
19.489100             1386
19.499100             1386
19.501101             1386
19.512100             1386
19.523100             1386
19.524099             1386
19.535101             1386
19.546101             1386
19.547100             1386
19.558100             1386
19.569099             1386
19.580099             1386
19.581100             1386
19.589100             1386
19.591101             1386
19.599100             1386
19.607100             1386
19.608101             1386
19.616100             1386
19.617100             1386
19.625099             1386
19.634100             1386
19.642099             1386
19.650101             1386
19.658100             1386
19.659100             1386
19.667101             1386
19.675100             1386
19.677099             1386
19.685101             1386
19.693100             1386
19.701099             1386
19.702101             1386
19.710100             1386
19.718100             1386
19.720100             1386
19.728100             1386
19.736099             1386
19.737101             1386
19.745100             1386
19.753099             1386
19.755100             1386
19.763100             1386
19.771099             1386
19.772100             1386
19.780100             1386
19.788099             1386
19.789101             1386
19.798100             1386
19.806101             1386
19.807100             1386
19.815100             1386
19.823099             1386
19.824100             1386
19.832100             1386
19.841101             1386
19.842100             1386
19.850100             1386
19.858101             1386
19.859100             1386
19.867100             1386
19.875099             1386
19.877100             1386
19.885099             1386
19.893101             1386
19.901100             1386
19.902100             1386
19.910101             1386
19.919100             1386
19.927099             1386
19.935101             1386
19.943100             1386
19.944099             1386
19.952101             1386
19.960100             1386
19.969101             1386
19.977100             1386
19.985100             1386
19.993099             1386
19.994101             1386
