0.111021	8	92
0.111021	9	92
0.111021	10	92
0.111021	11	92
0.117594	13	92
0.330363	48	84
0.330363	49	84
0.33695	51	86
0.33695	52	86
0.34823	54	87
0.34823	55	87
0.354803	57	89
0.363843	60	91
0.374915	62	92
0.374915	63	92
0.38147	65	93
0.38147	66	93
0.389284	69	95
0.507197	89	91
0.554586	99	95
0.554586	100	95
0.566483	103	96
0.566483	104	96
0.573076	106	97
0.573076	107	97
0.582312	109	98
0.59218	112	99
0.59218	113	99
0.61394	115	99
0.61394	116	99
0.61394	117	99
0.630161	119	99
0.637965	123	99
0.644541	125	99
0.722919	139	86
0.78324	153	92
0.79043	156	93
0.806873	159	93
0.806873	161	93
0.806873	162	93
0.833534	167	97
0.841337	169	97
0.845252	171	97
0.863533	174	97
0.863533	175	97
0.875245	177	97
0.875245	178	97
0.885711	180	97
0.885711	181	97
1.17012	227	97
1.19866	233	99
1.20585	236	100
1.22084	239	100
1.22084	240	100
1.22805	242	100
1.24242	245	101
1.40147	274	103
1.41317	276	103
1.43205	278	103
1.43205	279	103
1.43205	280	103
1.44129	282	103
1.46882	288	104
1.48505	292	104
1.51051	297	104
1.62675	315	100
1.6703	324	102
1.68345	327	102
1.72188	336	103
1.72188	337	103
1.73688	340	103
1.75065	344	103
1.94799	380	98
1.96236	382	99
1.97408	385	100
2.00799	391	101
2.00799	392	101
2.01886	394	102
2.03301	397	103
2.06028	403	104
2.21979	429	107
2.24836	435	108
2.26131	438	108
2.28271	444	107
2.28271	445	107
2.29318	447	107
2.30881	451	107
2.4246	469	110
2.4661	478	110
2.48501	481	110
2.48501	482	110
2.50062	485	110
2.51501	487	110
2.51501	488	110
2.52796	490	110
2.52796	491	110
2.54297	494	110
2.56001	497	109
2.5744	500	110
2.59987	505	110
2.6395	512	110
2.70458	523	110
2.74175	530	111
2.75613	533	112
2.77767	535	112
2.77767	536	112
2.77767	537	112
2.78816	540	112
2.80316	544	112
2.8124	546	112
2.83007	549	111
2.83007	550	111
2.83007	551	111
2.83788	553	111
2.9309	567	111
2.95945	572	112
3.05339	589	112
3.05339	590	112
3.31873	645	114
3.33703	650	115
3.34937	653	115
3.34937	654	115
3.36826	658	115
3.36826	659	115
3.49416	681	115
3.58372	698	114
3.61741	705	113
3.66157	714	114
3.66157	715	114
3.67268	717	114
3.69731	722	114
3.82178	747	114
3.82178	748	114
3.83102	750	114
3.84131	753	114
3.8557	756	114
3.8707	760	114
3.87461	762	114
3.89351	765	114
3.89351	766	114
4.02056	787	116
4.04804	792	117
4.06077	795	117
4.09175	802	119
4.10286	804	119
4.14845	813	121
4.16673	817	122
4.17781	819	122
4.20965	825	122
4.224	827	122
4.25647	833	122
4.2688	835	122
4.34024	849	121
4.3616	854	121
4.37659	857	121
4.38051	859	121
4.39879	863	121
4.39879	864	121
4.41318	867	121
4.51236	884	120
4.56436	896	120
4.60606	904	121
4.61388	907	120
4.64901	914	120
4.69645	923	121
4.69645	924	121
4.72829	930	121
4.73937	932	121
4.75436	935	122
4.77779	939	122
4.77779	940	122
4.78826	942	122
4.83837	953	122
4.88251	962	121
4.92853	972	121
5.07261	996	121
5.08408	998	121
5.11779	1005	123
5.12703	1007	124
5.164	1014	125
5.17388	1016	126
5.22851	1027	127
5.34207	1047	127
5.34928	1049	127
5.38707	1056	127
5.42283	1065	128
5.6323	1103	124
5.64217	1105	125
5.68962	1114	126
5.68962	1115	126
5.6962	1117	126
5.75661	1129	126
5.75661	1130	126
5.76831	1132	126
5.88904	1152	127
5.88904	1153	127
5.91061	1156	128
5.92356	1159	128
5.93671	1161	128
5.93671	1162	128
5.94127	1164	128
5.95235	1167	128
5.96469	1171	127
6.13129	1198	129
6.15737	1203	130
6.1886	1209	132
6.20358	1211	132
6.20358	1212	132
6.21674	1215	132
6.25968	1224	133
6.27673	1227	133
6.27673	1228	133
6.32353	1236	134
6.4521	1260	134
6.45993	1263	133
6.47944	1267	134
6.48851	1270	134
6.676	1304	130
6.80089	1328	133
6.98184	1360	132
6.98184	1361	132
6.98967	1363	132
6.98967	1364	132
7.00219	1366	131
7.00219	1367	131
7.49213	1453	138
7.52336	1459	138
7.55066	1464	139
7.89409	1526	136
8.01424	1548	138
8.99593	1728	141
10.9159	2029	150
11.3485	2102	159
11.3629	2105	159
11.4071	2114	161
11.4383	2120	163
11.4501	2123	163
11.4644	2126	162
11.4852	2129	162
11.4852	2130	162
11.4944	2132	163
11.5095	2135	163
11.5563	2143	162
11.5563	2144	162
11.8126	2189	158
11.8261	2193	159
11.8489	2199	161
11.8724	2204	161
11.8724	2205	161
11.8964	2211	161
11.9063	2213	162
12.2233	2265	166
12.2383	2269	167
12.2494	2271	167
12.3262	2285	169
12.3262	2286	169
12.3418	2289	169
12.3535	2292	169
12.4644	2313	168
12.7602	2370	168
12.7719	2372	168
12.7855	2375	167
12.7855	2376	167
12.8233	2384	168
12.8383	2387	168
12.8383	2388	168
12.859	2394	168
12.8779	2398	168
12.8943	2402	169
12.9087	2405	170
13.2088	2458	170
13.2232	2461	171
13.2961	2475	174
13.2961	2476	174
13.3105	2479	175
13.3249	2482	175
13.3892	2495	174
13.3892	2496	174
13.4535	2508	173
13.5751	2529	175
13.5907	2532	176
13.7593	2567	173
13.7782	2570	174
13.7782	2571	174
13.8094	2578	175
13.8199	2580	175
13.831	2583	176
13.8421	2587	175
13.8526	2589	176
13.8663	2592	175
13.8663	2593	175
13.8807	2596	176
13.8886	2599	176
13.8996	2602	176
13.9069	2604	175
14.1539	2642	177
14.1683	2645	178
14.2111	2654	180
14.2228	2657	179
14.2702	2666	180
14.3255	2678	181
14.3579	2684	180
14.397	2692	180
14.4567	2703	180
14.544	2720	182
14.5877	2727	182
14.5877	2728	182
14.6052	2732	182
14.6274	2737	182
14.8169	2775	180
14.8319	2778	181
14.8319	2779	181
14.8469	2783	181
14.8613	2786	182
14.8652	2788	182
14.8776	2791	181
14.8776	2792	181
14.9018	2796	181
14.9018	2797	181
14.9304	2803	182
15.1863	2847	183
15.1981	2850	183
15.2428	2859	185
15.2856	2868	185
15.333	2877	186
15.3447	2880	186
15.3766	2886	187
15.3864	2888	187
15.4195	2895	186
15.428	2897	186
15.5183	2914	187
15.56	2922	187
15.5783	2925	187
15.59	2927	187
15.6128	2930	188
15.6128	2931	188
15.8229	2975	185
15.8451	2980	186
15.8693	2986	187
15.8837	2989	187
15.8948	2992	188
15.9026	2995	188
15.9203	2998	187
15.9203	2999	187
16.2789	3063	191
16.3075	3069	192
16.3375	3075	191
16.3375	3076	191
16.3804	3084	193
16.3903	3087	193
16.4203	3093	193
16.4827	3106	193
16.5139	3113	193
16.5998	3129	194
16.6193	3133	194
16.8166	3175	191
16.8244	3177	191
16.8487	3182	193
16.8487	3183	193
16.8585	3186	193
16.8774	3190	194
16.8774	3191	194
16.8924	3195	194
16.9081	3200	194
16.9225	3203	194
17.1558	3244	196
17.163	3246	196
17.2339	3261	197
17.2651	3267	198
17.2762	3270	198
17.3021	3276	198
17.3222	3280	198
17.3685	3289	199
17.4036	3296	199
17.4036	3297	199
17.4492	3306	200
17.472	3311	199
17.5044	3317	200
17.5207	3321	199
17.5734	3331	199
17.6112	3338	200
17.6432	3344	201
17.6693	3350	201
17.8114	3379	199
17.8207	3381	199
17.8363	3385	200
17.8494	3388	200
17.8644	3392	201
17.88	3396	201
17.8917	3399	200
17.8917	3400	200
17.9016	3402	200
17.91	3405	200
17.9238	3408	199
17.9238	3409	199
17.9448	3414	199
18.19	3453	203
18.19	3454	203
18.2191	3460	205
18.227	3463	204
18.2582	3469	204
18.2868	3476	204
18.318	3482	204
18.3544	3491	204
18.3967	3499	204
18.4409	3508	204
18.4838	3517	205
18.517	3523	205
18.5659	3533	205
18.5887	3537	206
18.6025	3540	206
18.6142	3542	206
18.6462	3548	208
18.6462	3549	208
18.6618	3552	208
18.6859	3558	207
18.8448	3591	203
18.8631	3596	204
18.8736	3598	204
18.8925	3602	205
18.899	3604	205
18.9083	3606	205
18.9221	3609	205
18.9221	3610	205
18.9325	3613	205
18.943	3615	206
18.9574	3618	206
19.2055	3660	209
19.2491	3668	209
19.2491	3669	209
19.2932	3677	210
19.3037	3680	209
19.3491	3689	210
19.4056	3701	209
19.5601	3728	211
19.618	3740	211
19.6558	3747	211
19.6714	3751	211
19.875	3793	207
19.9154	3802	211
19.9292	3805	212
19.9487	3811	212
19.9616	3815	211
19.9715	3817	211
